[gd_scene load_steps=7 format=2]

[ext_resource path="res://addons/kenney_prototype_textures/dark/texture_01.png" type="Texture" id=1]
[ext_resource path="res://scripts/SceneSpawn.gd" type="Script" id=3]
[ext_resource path="res://materials/reference/PrototypeGrey.tres" type="Material" id=4]

[sub_resource type="SpatialMaterial" id=3]
albedo_texture = ExtResource( 1 )

[sub_resource type="ProceduralSky" id=1]
sky_top_color = Color( 0.152941, 0.752941, 0.752941, 1 )
sky_horizon_color = Color( 0.282353, 0.0745098, 0.654902, 1 )

[sub_resource type="Environment" id=2]
background_mode = 2
background_sky = SubResource( 1 )
background_color = Color( 0.0352941, 0.0117647, 0.0627451, 1 )
ambient_light_color = Color( 1, 1, 1, 1 )
ambient_light_energy = 0.2
ambient_light_sky_contribution = 0.0
fog_enabled = true
fog_color = Color( 0.14902, 0.14902, 0.14902, 1 )
fog_sun_color = Color( 0.6, 0.55, 0.4, 1 )
fog_sun_amount = 0.5
fog_depth_end = 8000.0
fog_depth_curve = 0.108924
glow_enabled = true
glow_intensity = 1.81
glow_strength = 1.04
glow_bloom = 1.0

[node name="TestScene" type="Spatial"]
script = ExtResource( 3 )

[node name="CSGBox" type="CSGBox" parent="."]
transform = Transform( 1, 0, 0, 0, 1, 0, 0, 0, 1, 0, -1, 0 )
use_collision = true
width = 100.0
height = 0.2
depth = 100.0
material = ExtResource( 4 )

[node name="SpawnPoint" type="Spatial" parent="CSGBox"]
transform = Transform( 0.688317, 0, -0.72541, 0, 1, 0, 0.72541, 0, 0.688317, 0, 0.926592, 0 )

[node name="CSGSphere" type="CSGSphere" parent="CSGBox"]
transform = Transform( 1, 0, 0, 0, 1, 0, 0, 0, 1, 15, 2.00326, -0.165248 )
smooth_faces = false
material = SubResource( 3 )

[node name="CSGCylinder" type="CSGCylinder" parent="CSGBox"]
transform = Transform( 0.575062, -0.762666, -0.296048, 0, 0.361868, -0.932229, 0.81811, 0.53609, 0.208097, 8, 2.25816, -4.14032 )
height = 10.0
material = SubResource( 3 )

[node name="CSGCylinder2" type="CSGCylinder" parent="CSGBox"]
transform = Transform( 0.575062, -0.817837, 0.0211172, -2.25658e-09, -0.0258122, -0.999667, 0.81811, 0.574871, -0.0148436, -0.976865, 6.21022, 7.83127 )
height = 10.0
material = SubResource( 3 )

[node name="CSGCylinder3" type="CSGCylinder" parent="CSGBox"]
transform = Transform( 0.575062, -0.817837, 0.0211172, -2.25658e-09, -0.0258122, -0.999667, 0.81811, 0.574871, -0.0148436, -11.0019, 5.97788, 9.21641 )
height = 7.73908
material = SubResource( 3 )

[node name="EnvironmentEffects" type="WorldEnvironment" parent="."]
environment = SubResource( 2 )
